6 digits: 1,2,4,5,10,25 target: 55
6 digits: 1,3,4,5,10,25 target: 66
6 digits: 1,2,3,4,5,10 target: 62
6 digits: 3,6,7,8,15,20 target: 312
6 digits: 5,7,11,19,23,25 target: 438
6 digits: 2,3,7,11,15,25 target: 156
6 digits: 4,5,6,7,9,25 target: 264
6 digits: 1,2,4,5,10,25 target: 94
6 digits: 2,3,5,10,15,25 target: 195
6 digits: 3,5,7,9,11,20 target: 251
6 digits: 4,5,6,9,11,20 target: 382
6 digits: 3,13,19,20,23,25 target: 456
6 digits: 2,3,5,11,15,25 target: 59
6 digits: 4,5,8,11,15,20 target: 133
6 digits: 4,5,7,9,11,20 target: 218
6 digits: 3,5,9,20,23,25 target: 388
6 digits: 3,5,9,19,20,25 target: 462
6 digits: 5,7,9,10,15,20 target: 93
6 digits: 4,5,7,8,15,20 target: 113
6 digits: 3,4,6,9,11,15 target: 205
3,5,9,11,23,25,351
5,8,10,15,20,24,497
3,5,7,9,11,25,69
3,4,7,11,15,25,135
3,6,7,9,15,20,256
5,7,8,9,11,15,379
2,3,14,18,19,25,481
2,3,5,7,10,25,98
3,6,7,8,15,20,183
5,6,7,8,11,15,224
5,6,9,11,15,20,318
5,7,9,19,23,25,426
2,7,9,10,11,25,58
5,7,8,9,11,25,199
4,7,9,11,15,20,201
2,3,5,11,17,24,92
1,3,8,9,20,25,176
2,3,9,10,21,25,268
3,5,9,11,12,15,393
7,10,9,15,20,25,472
6,7,9,10,24,25,65
2,7,9,10,15,25,167
3,4,8,12,14,24,284
1,3,4,9,21,25,311
2,3,5,10,15,24,467 
2,3,4,5,15,21,83
2,3,7,9,20,25,122
1,3,4,5,14,25,281
3,9,10,14,15,25,355
5,3,6,11,7,14,413 





























